Session_Name_	Trial_Recycled_	Trial_Index_	REP	probe_delay	entrainment_type	DURATION	STARTING_ANGLE	MOUSE_ANGLE	MOUSE_X	MOUSE_Y	MOUSE_AMPLITUDE
claudia	False	16	1	7	7	129	335	  -22.07	-88	217	  234.16
claudia	False	17	1	6	7	373	198	 -169.87	-42	-235	  238.72
claudia	False	18	1	14	0	216	131	  135.35	164	-166	  233.35
claudia	True	19	1	10	7	276	54	0	0	0	0
claudia	False	20	1	11	5	260	244	 -126.97	-186	-140	  232.80
claudia	False	21	1	16	7	159	54	   35.03	136	194	  236.92
claudia	False	22	1	17	0	232	310	  -45.68	-170	166	  237.60
claudia	False	23	1	8	5	212	2	    1.47	6	234	  234.08
claudia	False	24	1	13	7	228	121	  120.43	206	-121	  238.91
claudia	False	25	1	9	7	312	130	  121.34	202	-123	  236.50
claudia	False	26	1	7	5	161	262	 -108.43	-222	-74	  234.01
claudia	False	27	1	7	0	171	42	   33.49	129	195	  233.81
claudia	False	28	1	10	5	362	1	   -0.49	-2	235	  235.01
claudia	False	29	1	15	5	215	69	   84.67	236	22	  237.02
claudia	False	30	1	16	5	256	76	   78.31	232	48	  236.91
claudia	False	31	1	10	7	213	293	  -77.39	-228	51	  233.63
claudia	False	32	1	17	7	281	335	  -26.35	-106	214	  238.81
claudia	False	33	1	13	5	269	167	  143.62	140	-190	  236.01
claudia	False	34	1	10	0	205	163	  163.75	65	-223	  232.28
claudia	False	35	1	9	5	308	159	  159.13	85	-223	  238.65
claudia	False	36	1	9	0	265	345	  -11.36	-47	234	  238.67
claudia	False	37	1	17	5	327	206	 -154.84	-101	-215	  237.54
claudia	False	38	1	11	0	356	77	   99.31	238	-39	  241.17
claudia	False	39	1	14	7	292	15	    1.18	5	242	  242.05
claudia	False	40	1	8	0	293	16	   14.51	59	228	  235.51
claudia	False	41	1	12	7	311	225	 -138.43	-157	-177	  236.60
claudia	False	42	1	14	5	206	203	 -146.72	-128	-195	  233.26
claudia	False	43	1	12	5	142	61	   48.57	179	158	  238.76
claudia	False	44	1	13	0	291	97	  122.65	206	-132	  244.66
claudia	False	45	1	16	0	310	88	  113.59	213	-93	  232.42
claudia	False	46	1	15	0	304	24	   35.19	134	190	  232.50
claudia	False	47	1	15	7	171	289	  -70.87	-222	77	  234.97
claudia	False	48	1	11	7	325	261	  -99.42	-235	-39	  238.21
claudia	False	49	1	8	7	255	21	   23.71	94	214	  233.73
claudia	False	50	1	6	5	181	244	 -116.67	-211	-106	  236.13
claudia	False	51	1	6	0	222	48	   59.08	202	121	  235.47
claudia	False	52	1	12	0	132	60	   65.62	214	97	  234.96
claudia	False	53	2	17	0	333	287	  -75.44	-231	60	  238.67
claudia	False	54	2	12	7	351	287	  -72.49	-225	71	  235.94
claudia	False	55	2	15	5	270	260	 -104.22	-225	-57	  232.11
claudia	False	56	2	10	5	282	318	  -35.85	-138	191	  235.64
claudia	False	57	2	6	5	137	21	   36.33	139	189	  234.61
claudia	False	58	2	14	5	205	289	  -76.14	-227	56	  233.81
claudia	False	59	2	14	7	337	223	 -132.08	-175	-158	  235.77
claudia	False	60	2	13	0	230	250	 -111.71	-221	-88	  237.88
claudia	False	61	2	10	7	225	326	  -32.21	-126	200	  236.38
claudia	False	62	2	15	7	347	76	   81.70	240	35	  242.54
claudia	False	63	2	11	7	359	68	   72.10	226	73	  237.50
claudia	False	64	2	11	5	312	31	   39.04	150	185	  238.17
claudia	True	65	2	16	7	164	120	0	0	0	0
claudia	True	66	2	17	7	228	118	0	0	0	0
claudia	False	67	2	6	0	364	224	 -129.71	-183	-152	  237.89
claudia	False	68	2	13	5	350	333	  -21.58	-87	220	  236.58
claudia	False	69	2	7	0	311	330	  -22.62	-90	216	  234.00
claudia	False	70	2	17	7	352	266	 -106.58	-225	-67	  234.76
claudia	False	71	2	9	5	125	144	  136.90	160	-171	  234.18
claudia	False	72	2	13	7	281	16	   11.65	47	228	  232.79
claudia	False	73	2	8	7	244	137	  137.25	159	-172	  234.23
claudia	False	74	2	8	0	147	153	  156.29	94	-214	  233.73
claudia	False	75	2	16	5	159	158	  155.36	100	-218	  239.84
claudia	False	76	2	6	7	296	185	 -161.64	-75	-226	  238.12
claudia	False	77	2	7	5	316	7	   16.43	69	234	  243.96
claudia	True	78	2	14	0	277	82	0	0	0	0
claudia	False	79	2	7	7	206	102	  114.66	220	-101	  242.08
claudia	False	80	2	9	0	129	201	 -156.61	-93	-215	  234.25
claudia	False	81	2	17	5	269	343	  -19.18	-80	230	  243.52
claudia	False	82	2	8	5	231	183	 -175.79	-17	-231	  231.62
claudia	False	83	2	11	0	230	25	   31.38	122	200	  234.27
claudia	False	84	2	14	0	232	350	   -9.62	-40	236	  239.37
claudia	False	85	2	16	7	144	135	  141.56	150	-189	  241.29
claudia	False	86	2	16	0	258	56	   70.94	220	76	  232.76
claudia	False	87	2	12	5	369	223	 -136.87	-163	-174	  238.42
claudia	False	88	2	10	0	181	309	  -48.84	-175	153	  232.45
claudia	False	89	2	9	7	343	4	    2.89	12	238	  238.30
claudia	False	90	2	12	0	301	40	   69.56	220	82	  234.79
claudia	False	91	2	15	0	255	330	  -26.04	-107	219	  243.74
claudia	True	92	3	8	5	294	37	0	0	0	0
claudia	True	93	3	12	7	202	292	0	0	0	0
claudia	False	94	3	8	5	332	98	  114.11	219	-98	  239.93
claudia	False	95	3	7	5	153	234	 -130.94	-181	-157	  239.60
claudia	False	96	3	12	0	295	209	 -141.30	-149	-186	  238.32
claudia	False	97	3	10	5	311	339	  -17.68	-73	229	  240.35
claudia	False	98	3	16	5	200	302	  -46.36	-172	164	  237.66
claudia	False	99	3	6	7	145	32	   39.89	158	189	  246.34
claudia	False	100	3	8	7	348	191	 -160.90	-80	-231	  244.46
claudia	False	101	3	17	7	364	317	  -40.91	-156	180	  238.19
claudia	False	102	3	17	5	298	100	  119.95	210	-121	  242.37
claudia	False	103	3	7	0	170	133	  140.76	147	-180	  232.40
claudia	True	104	3	10	0	209	78	0	0	0	0
claudia	False	105	3	6	0	375	96	  121.50	204	-125	  239.25
claudia	False	106	3	15	7	306	176	 -177.83	-9	-237	  237.17
claudia	True	107	3	7	7	291	117	0	0	0	0
claudia	False	108	3	15	5	129	39	   25.58	101	211	  233.93
claudia	False	109	3	14	0	188	256	 -107.90	-226	-73	  237.50
claudia	False	110	3	14	5	151	324	  -37.16	-141	186	  233.40
claudia	True	111	3	11	7	151	337	0	0	0	0
claudia	False	112	3	13	7	332	347	  -11.50	-48	236	  240.83
claudia	False	113	3	10	0	197	316	  -35.23	-137	194	  237.50
claudia	False	114	3	13	5	154	43	   40.65	158	184	  242.53
claudia	False	115	3	8	0	180	216	 -140.57	-148	-180	  233.03
claudia	False	116	3	10	7	353	334	  -16.79	-67	222	  231.89
claudia	False	117	3	17	0	233	342	  -16.70	-69	230	  240.13
claudia	False	118	3	11	0	171	174	  177.84	9	-239	  239.17
claudia	False	119	3	12	5	152	116	  125.87	195	-141	  240.64
claudia	False	120	3	15	0	207	176	  179.02	4	-233	  233.03
claudia	False	121	3	13	0	328	112	  117.97	209	-111	  236.65
claudia	False	122	3	9	7	339	342	  -20.50	-80	214	  228.46
claudia	False	123	3	9	5	157	44	   53.94	195	142	  241.22
claudia	False	124	3	16	7	237	291	  -65.94	-215	96	  235.46
claudia	False	125	3	12	7	332	268	  -91.66	-241	-7	  241.10
claudia	False	126	3	11	5	346	215	 -135.84	-168	-173	  241.15
claudia	False	127	3	6	5	159	107	  114.14	212	-95	  232.31
claudia	False	128	3	9	0	375	185	 -158.46	-88	-223	  239.74
claudia	False	129	3	7	7	127	27	   23.46	92	212	  231.10
claudia	False	130	3	11	7	270	199	 -155.09	-98	-211	  232.65
claudia	False	131	3	16	0	237	40	   48.59	178	157	  237.35
claudia	False	132	3	14	7	245	74	   72.84	230	71	  240.71
claudia	False	133	4	15	7	372	10	   27.76	110	209	  236.18
claudia	False	134	4	9	7	136	247	 -121.22	-198	-120	  231.53
claudia	False	135	4	10	5	228	53	   61.84	213	114	  241.59
claudia	True	136	4	13	7	228	85	0	0	0	0
claudia	False	137	4	6	5	248	258	 -109.86	-227	-82	  241.36
claudia	False	138	4	12	5	268	78	   80.11	241	42	  244.63
claudia	False	139	4	7	5	172	318	  -40.42	-155	182	  239.06
claudia	False	140	4	9	5	186	302	  -52.56	-192	147	  241.81
claudia	False	141	4	12	0	166	198	 -153.54	-107	-215	  240.15
claudia	False	142	4	15	0	272	306	  -46.91	-170	159	  232.77
claudia	False	143	4	11	0	345	60	   76.02	229	57	  235.99
claudia	False	144	4	17	7	149	317	  -39.68	-151	182	  236.48
claudia	False	145	4	13	5	141	145	  155.54	101	-222	  243.90
claudia	False	146	4	17	5	230	190	 -164.02	-65	-227	  236.12
claudia	False	147	4	7	7	238	124	  135.52	164	-167	  234.06
claudia	False	148	4	8	5	358	151	  159.67	83	-224	  238.88
claudia	False	149	4	10	0	352	159	  164.18	66	-233	  242.17
claudia	False	150	4	8	7	314	247	 -116.57	-204	-102	  228.08
claudia	False	151	4	7	0	213	151	  155.19	98	-212	  233.56
claudia	False	152	4	15	5	285	79	   68.60	222	87	  238.44
claudia	True	153	4	8	0	240	47	0	0	0	0
claudia	False	154	4	14	7	239	188	 -159.61	-84	-226	  241.11
claudia	False	155	4	16	0	267	267	  -88.30	-236	7	  236.10
claudia	False	156	4	14	5	140	15	   17.98	73	225	  236.55
claudia	False	157	4	10	7	351	114	  128.89	181	-146	  232.54
claudia	False	158	4	11	5	139	108	  117.71	217	-114	  245.12
claudia	False	159	4	8	0	127	3	    9.06	37	232	  234.93
claudia	False	160	4	9	0	132	4	   10.97	44	227	  231.22
claudia	False	161	4	6	0	291	328	  -27.66	-109	208	  234.83
claudia	False	162	4	17	0	144	0	   -1.19	-5	241	  241.05
claudia	False	163	4	14	0	228	65	   72.55	229	72	  240.05
claudia	True	164	4	16	7	326	312	0	0	0	0
claudia	True	165	4	12	7	274	189	0	0	0	0
claudia	False	166	4	16	7	313	30	   43.77	159	166	  229.86
claudia	False	167	4	13	0	365	193	 -162.09	-74	-229	  240.66
claudia	False	168	4	11	7	132	109	  113.01	226	-96	  245.54
claudia	True	169	4	6	7	202	154	0	0	0	0
claudia	True	170	4	12	7	208	292	0	0	0	0
claudia	False	171	4	16	5	271	255	 -108.90	-222	-76	  234.65
claudia	False	172	4	12	7	265	12	   14.16	57	226	  233.08
claudia	False	173	4	13	7	210	239	 -123.89	-201	-135	  242.13
claudia	True	174	4	6	7	148	232	0	0	0	0
claudia	False	175	4	6	7	258	229	 -133.58	-165	-157	  227.76
claudia	False	176	5	10	5	317	32	   39.62	149	180	  233.67
claudia	False	177	5	15	5	317	221	 -139.11	-155	-179	  236.78
claudia	False	178	5	12	7	248	213	 -147.07	-125	-193	  229.94
claudia	False	179	5	9	0	350	77	   80.38	230	39	  233.28
claudia	False	180	5	12	5	336	123	  135.89	159	-164	  228.42
claudia	False	181	5	6	5	187	103	  103.80	228	-56	  234.78
claudia	False	182	5	13	5	248	240	 -120.04	-211	-122	  243.73
claudia	False	183	5	7	7	174	52	   50.99	179	145	  230.36
claudia	False	184	5	11	7	335	331	  -25.48	-102	214	  237.07
claudia	False	185	5	16	5	127	46	   45.86	170	165	  236.91
claudia	False	186	5	16	7	248	17	   26.89	107	211	  236.58
claudia	False	187	5	17	0	168	60	   77.76	235	51	  240.47
claudia	False	188	5	15	0	310	107	  119.51	212	-120	  243.61
claudia	False	189	5	9	5	225	302	  -54.75	-191	135	  233.89
claudia	False	190	5	6	7	262	305	  -55.50	-195	134	  236.60
claudia	False	191	5	9	7	302	155	  150.99	112	-202	  230.97
claudia	False	192	5	10	0	220	117	  123.29	198	-130	  236.86
claudia	False	193	5	15	7	329	203	 -161.87	-74	-226	  237.81
claudia	False	194	5	7	0	319	253	 -108.59	-226	-76	  238.44
claudia	False	195	5	11	5	286	102	  104.26	236	-60	  243.51
claudia	False	196	5	11	0	348	121	  135.17	167	-168	  236.88
claudia	False	197	5	10	7	354	146	  148.54	123	-201	  235.65
claudia	False	198	5	17	7	264	355	   -8.26	-35	241	  243.53
claudia	False	199	5	8	7	261	16	   15.32	63	230	  238.47
claudia	False	200	5	12	0	204	238	 -127.01	-191	-144	  239.20
claudia	False	201	5	16	0	290	285	  -78.64	-234	47	  238.67
claudia	False	202	5	7	5	154	318	  -21.76	-87	218	  234.72
claudia	False	203	5	17	5	205	46	   57.79	200	126	  236.38
claudia	False	204	5	14	7	201	154	  155.11	103	-222	  244.73
claudia	False	205	5	8	0	189	290	  -63.65	-218	108	  243.29
claudia	False	206	5	6	0	291	188	 -160.94	-76	-220	  232.76
claudia	False	207	5	13	0	191	174	 -178.83	-5	-245	  245.05
claudia	False	208	5	8	5	216	260	 -107.58	-221	-70	  231.82
claudia	False	209	5	13	7	311	296	  -59.87	-205	119	  237.04
claudia	False	210	5	14	0	197	215	 -135.67	-168	-172	  240.43
claudia	False	211	5	14	5	225	191	 -155.36	-100	-218	  239.84
claudia	False	212	6	13	7	155	222	 -133.63	-171	-163	  236.24
claudia	False	213	6	6	5	191	279	  -80.19	-237	41	  240.52
claudia	False	214	6	14	7	255	189	 -164.46	-62	-223	  231.46
claudia	False	215	6	16	0	220	207	 -151.90	-110	-206	  233.53
claudia	False	216	6	12	0	326	1	   17.90	73	226	  237.50
claudia	True	217	6	6	7	281	107	0	0	0	0
claudia	False	218	6	8	0	152	124	  134.11	163	-158	  227.01
claudia	False	219	6	8	5	191	105	  115.69	212	-102	  235.26
claudia	False	220	6	17	5	290	76	   79.79	222	40	  225.57
claudia	False	221	6	12	5	253	258	 -105.84	-222	-63	  230.77
claudia	False	222	6	7	5	331	243	 -119.03	-209	-116	  239.03
claudia	False	223	6	9	7	308	53	   57.82	205	129	  242.21
claudia	False	224	6	8	7	145	120	  129.24	180	-147	  232.40
claudia	False	225	6	11	0	290	272	  -92.56	-246	-11	  246.25
claudia	False	226	6	14	5	149	71	   73.58	224	66	  233.52
claudia	False	227	6	13	5	134	257	 -107.79	-215	-69	  225.80
claudia	False	228	6	11	5	201	253	 -113.54	-225	-98	  245.42
claudia	False	229	6	6	7	193	232	 -124.52	-189	-130	  229.39
claudia	False	230	6	15	5	302	334	  -11.74	-48	231	  235.93
claudia	False	231	6	16	5	267	157	  163.54	65	-220	  229.40
claudia	False	232	6	16	7	150	15	   10.41	43	234	  237.92
claudia	False	233	6	17	0	300	183	 -178.28	-7	-233	  233.11
claudia	False	234	6	6	0	320	63	   72.56	226	71	  236.89
claudia	False	235	6	14	0	221	305	  -50.01	-180	151	  234.95
claudia	False	236	6	7	7	367	40	   46.07	164	158	  227.73
claudia	False	237	6	11	7	139	200	 -171.40	-36	-238	  240.71
claudia	False	238	6	10	7	239	134	  144.29	138	-192	  236.45
claudia	False	239	6	10	5	286	311	  -36.77	-142	190	  237.20
claudia	False	240	6	12	7	170	58	   64.08	216	105	  240.17
claudia	False	241	6	15	0	216	22	   45.00	163	163	  230.52
claudia	False	242	6	9	0	251	156	  160.96	78	-226	  239.08
claudia	True	243	6	17	7	347	308	0	0	0	0
claudia	False	244	6	13	0	219	239	 -121.43	-198	-121	  232.05
claudia	False	245	6	15	7	288	270	  -87.58	-237	10	  237.21
claudia	False	246	6	9	5	186	345	   -9.99	-40	227	  230.50
claudia	False	247	6	17	7	337	10	   19.88	77	213	  226.49
claudia	False	248	6	10	0	312	32	   28.96	114	206	  235.44
claudia	False	249	6	7	0	330	19	   38.24	145	184	  234.27
claudia	False	250	7	15	7	345	15	   26.91	102	201	  225.40
claudia	False	251	7	16	0	350	6	   20.31	84	227	  242.04
claudia	True	252	7	16	7	139	205	0	0	0	0
claudia	False	253	7	16	5	168	89	   98.92	242	-38	  244.97
claudia	False	254	7	14	5	214	249	 -116.35	-210	-104	  234.34
claudia	False	255	7	11	0	242	269	 -100.39	-229	-42	  232.82
claudia	False	256	7	12	7	171	285	  -86.12	-236	16	  236.54
claudia	False	257	7	9	5	188	256	 -105.19	-232	-63	  240.40
claudia	False	258	7	12	0	244	75	   80.74	233	38	  236.08
claudia	False	259	7	16	7	179	198	 -157.93	-88	-217	  234.16
claudia	False	260	7	7	7	136	16	   18.28	73	221	  232.74
claudia	False	261	7	10	7	338	99	  103.86	227	-56	  233.81
claudia	False	262	7	11	7	364	158	  161.25	74	-218	  230.22
claudia	False	263	7	14	7	356	32	   34.02	135	200	  241.30
claudia	False	264	7	8	0	150	320	  -29.69	-118	207	  238.27
claudia	False	265	7	8	7	336	82	   88.60	245	6	  245.07
claudia	False	266	7	9	7	193	310	  -43.27	-161	171	  234.87
claudia	False	267	7	15	0	210	112	  126.49	196	-145	  243.81
claudia	False	268	7	17	7	363	342	  -11.40	-47	233	  237.69
claudia	False	269	7	13	0	350	330	  -20.53	-82	219	  233.85
claudia	False	270	7	11	5	148	187	 -179.76	-1	-241	  241.00
claudia	False	271	7	7	0	285	182	 -178.52	-6	-233	  233.08
claudia	False	272	7	6	0	277	114	  117.66	208	-109	  234.83
claudia	False	273	7	17	0	255	94	   98.62	231	-35	  233.64
claudia	False	274	7	7	5	168	307	  -38.89	-146	181	  232.54
claudia	False	275	7	9	0	163	280	  -72.55	-229	72	  240.05
claudia	False	276	7	10	5	239	98	  108.67	219	-74	  231.16
claudia	False	277	7	14	0	253	270	  -90.00	-231	0	  231.00
claudia	False	278	7	10	0	293	218	 -130.90	-172	-149	  227.56
claudia	False	279	7	8	5	368	296	  -63.21	-204	103	  228.53
claudia	False	280	7	17	5	370	21	   29.77	119	208	  239.64
claudia	False	281	7	13	7	154	206	 -148.52	-120	-196	  229.82
claudia	False	282	7	12	5	252	157	  154.51	103	-216	  239.30
claudia	False	283	7	6	7	359	95	  107.75	228	-73	  239.40
claudia	False	284	7	13	5	234	56	   62.89	209	107	  234.80
claudia	False	285	7	15	5	360	116	  125.89	199	-144	  245.64
claudia	False	286	7	6	5	300	221	 -136.07	-157	-163	  226.31
claudia	False	287	8	9	5	346	79	   77.26	230	52	  235.81
claudia	False	288	8	7	7	156	263	 -105.68	-228	-64	  236.81
claudia	False	289	8	6	7	172	198	 -154.44	-99	-207	  229.46
claudia	False	290	8	15	7	136	248	 -112.92	-220	-93	  238.85
claudia	False	291	8	6	0	154	87	   89.27	234	3	  234.02
claudia	False	292	8	17	7	332	175	 -170.50	-40	-239	  242.32
claudia	False	293	8	9	0	330	86	   79.17	230	44	  234.17
claudia	False	294	8	12	7	367	30	   33.89	131	195	  234.92
claudia	False	295	8	7	0	164	337	  -19.19	-79	227	  240.35
claudia	False	296	8	10	0	213	188	 -174.20	-25	-246	  247.27
claudia	False	297	8	11	0	248	317	  -31.70	-126	204	  239.77
claudia	False	298	8	8	5	191	129	  139.11	155	-179	  236.78
claudia	False	299	8	17	5	182	122	  126.43	187	-138	  232.41
claudia	False	300	8	13	0	313	102	  118.63	207	-113	  235.83
claudia	True	301	8	16	5	328	93	0	0	0	0
claudia	False	302	8	9	7	220	265	 -104.04	-232	-58	  239.14
claudia	False	303	8	12	5	207	87	   92.21	233	-9	  233.17
claudia	True	304	8	11	7	329	137	0	0	0	0
claudia	False	305	8	7	5	180	230	 -131.65	-181	-161	  242.24
claudia	False	306	8	15	5	130	43	   45.00	167	167	  236.17
claudia	False	307	8	14	0	242	118	  140.26	153	-184	  239.30
claudia	False	308	8	16	5	148	43	   39.68	146	176	  228.67
claudia	False	309	8	15	0	307	52	   50.10	183	153	  238.53
claudia	False	310	8	8	0	179	265	 -100.37	-235	-43	  238.90
claudia	False	311	8	13	7	268	343	  -18.82	-76	223	  235.59
claudia	False	312	8	10	7	360	104	  120.29	202	-118	  233.94
claudia	False	313	8	17	0	156	2	   -7.03	-28	227	  228.72
claudia	False	314	8	16	7	237	5	   -0.71	-3	241	  241.02
claudia	False	315	8	11	5	148	40	   28.07	112	210	  238.00
claudia	False	316	8	6	5	263	332	  -19.03	-79	229	  242.24
claudia	False	317	8	13	5	129	300	  -55.98	-200	135	  241.30
claudia	False	318	8	10	5	314	94	  102.94	235	-54	  241.12
claudia	False	319	8	12	0	258	127	  141.57	146	-184	  234.89
claudia	False	320	8	16	0	238	92	   97.28	235	-30	  236.91
claudia	False	321	8	14	7	136	106	  122.01	200	-125	  235.85
claudia	False	322	8	8	7	336	96	  101.31	235	-47	  239.65
claudia	False	323	8	11	7	294	327	  -28.45	-110	203	  230.89
claudia	False	324	8	14	5	279	273	  -89.26	-232	3	  232.02
claudia	False	325	9	12	0	312	114	  130.63	183	-157	  241.12
claudia	False	326	9	14	0	250	264	  -97.16	-231	-29	  232.81
claudia	False	327	9	13	5	199	313	  -38.21	-148	188	  239.27
claudia	False	328	9	12	5	371	160	  160.25	79	-220	  233.75
claudia	False	329	9	6	5	149	58	   48.03	179	161	  240.75
claudia	False	330	9	16	5	305	254	 -113.10	-211	-90	  229.39
claudia	False	331	9	12	7	239	302	  -45.18	-164	163	  231.22
claudia	False	332	9	11	7	292	213	 -136.74	-160	-170	  233.45
claudia	False	333	9	11	0	241	90	   98.37	238	-35	  240.56
claudia	False	334	9	17	7	255	97	  115.07	218	-102	  240.68
claudia	False	335	9	7	5	130	176	  178.74	5	-228	  228.05
claudia	False	336	9	16	7	305	86	   90.47	245	-2	  245.01
claudia	False	337	9	6	0	368	285	  -64.98	-210	98	  231.74
claudia	False	338	9	14	7	230	178	  179.50	2	-227	  227.01
claudia	False	339	9	6	7	136	124	  134.83	167	-166	  235.47
claudia	False	340	9	16	0	222	88	  107.98	225	-73	  236.55
claudia	False	341	9	17	5	365	319	  -31.43	-121	198	  232.05
claudia	False	342	9	10	0	305	154	  166.25	57	-233	  239.87
claudia	False	343	9	15	5	333	99	  109.10	231	-80	  244.46
claudia	False	344	9	15	7	238	218	 -139.50	-152	-178	  234.07
claudia	False	345	9	7	0	239	109	  120.50	202	-119	  234.45
claudia	False	346	9	8	0	268	145	  156.90	93	-218	  237.01
claudia	False	347	9	14	5	240	183	 -168.88	-46	-234	  238.48
claudia	False	348	9	13	7	172	109	  115.18	217	-102	  239.78
claudia	False	349	9	9	0	142	37	   35.68	135	188	  231.45
claudia	False	350	9	7	7	213	4	   13.86	56	227	  233.81
claudia	False	351	9	17	0	155	345	  -11.79	-48	230	  234.96
claudia	False	352	9	15	0	327	154	  160.44	81	-228	  241.96
claudia	False	353	9	8	5	239	56	   52.45	186	143	  234.62
claudia	False	354	9	9	7	267	142	  147.71	127	-201	  237.76
claudia	False	355	9	10	7	170	62	   61.35	205	112	  233.60
claudia	False	356	9	13	0	197	45	   51.49	181	144	  231.29
claudia	True	357	9	9	5	128	223	0	0	0	0
claudia	False	358	9	8	7	300	113	  125.45	191	-136	  234.47
claudia	False	359	9	9	5	274	309	  -41.43	-158	179	  238.76
claudia	False	360	9	11	5	151	174	  175.34	19	-233	  233.77
claudia	False	361	9	10	5	332	152	  161.49	75	-224	  236.22
claudia	False	362	10	14	0	201	64	   59.50	202	119	  234.45
claudia	False	363	10	9	0	222	161	  172.84	29	-231	  232.81
claudia	False	364	10	8	0	303	111	  130.18	180	-152	  235.59
claudia	False	365	10	7	7	129	139	  146.11	133	-198	  238.52
claudia	False	366	10	11	0	238	47	   56.25	205	137	  246.56
claudia	False	367	10	12	5	281	8	   22.02	91	225	  242.71
claudia	False	368	10	7	5	359	325	  -24.01	-98	220	  240.84
claudia	False	369	10	17	5	357	264	  -99.90	-235	-41	  238.55
claudia	False	370	10	12	0	286	72	   78.09	237	50	  242.22
claudia	False	371	10	8	5	129	348	   -5.58	-22	225	  226.07
claudia	False	372	10	10	0	208	172	  178.00	8	-229	  229.14
claudia	False	373	10	14	7	319	269	  -94.78	-227	-19	  227.79
claudia	False	374	10	9	7	356	67	   68.96	221	85	  236.78
claudia	False	375	10	6	7	260	96	  100.78	231	-44	  235.15
claudia	False	376	10	9	5	234	27	   30.63	119	201	  233.59
claudia	False	377	10	11	5	367	278	  -83.03	-229	28	  230.71
claudia	False	378	10	16	7	270	175	 -177.56	-10	-235	  235.21
claudia	False	379	10	14	5	359	311	  -35.45	-136	191	  234.47
claudia	False	380	10	13	7	276	210	 -146.38	-129	-194	  232.97
claudia	False	381	10	11	7	204	237	 -126.73	-193	-144	  240.80
claudia	False	382	10	7	0	299	359	    6.92	29	239	  240.75
claudia	False	383	10	8	7	238	111	  122.36	202	-128	  239.14
claudia	False	384	10	6	0	209	124	  171.80	33	-229	  231.37
claudia	False	385	10	10	5	260	140	  147.51	128	-201	  238.30
claudia	False	386	10	16	0	132	296	  -50.89	-187	152	  240.98
claudia	False	387	10	17	0	244	79	   81.84	230	33	  232.36
claudia	False	388	10	13	5	225	67	   70.16	219	79	  232.81
claudia	False	389	10	10	7	360	9	   15.01	59	220	  227.77
claudia	True	390	10	16	5	156	163	0	0	0	0
claudia	False	391	10	6	5	292	14	   22.33	92	224	  242.16
claudia	False	392	10	15	0	151	160	  171.03	36	-228	  230.82
claudia	False	393	10	16	5	186	190	 -158.66	-84	-215	  230.83
claudia	False	394	10	15	7	284	214	 -147.05	-129	-199	  237.15
claudia	False	395	10	15	5	341	147	  155.17	99	-214	  235.79
claudia	False	396	10	17	7	265	65	   63.85	220	108	  245.08
claudia	False	397	10	12	7	136	145	  148.28	123	-199	  233.94
claudia	False	398	10	13	0	235	4	   14.96	62	232	  240.14
claudia	True	399	11	15	7	129	338	0	0	0	0
claudia	False	400	11	6	0	177	324	  -23.79	-97	220	  240.44
claudia	False	401	11	6	7	300	105	  123.56	202	-134	  242.40
claudia	False	402	11	7	7	274	338	  -14.52	-58	224	  231.39
claudia	False	403	11	14	0	351	248	 -124.63	-194	-134	  235.78
claudia	False	404	11	12	7	170	322	  -23.55	-95	218	  237.80
claudia	False	405	11	14	7	257	262	 -106.56	-222	-66	  231.60
claudia	False	406	11	9	7	353	221	 -138.72	-151	-172	  228.88
claudia	False	407	11	16	0	363	105	  119.66	209	-119	  240.50
claudia	False	408	11	15	5	358	11	   19.07	75	217	  229.60
claudia	False	409	11	7	5	318	303	  -42.97	-163	175	  239.15
claudia	True	410	11	14	5	283	311	0	0	0	0
claudia	False	411	11	9	5	294	251	 -114.18	-216	-97	  236.78
claudia	False	412	11	8	5	345	254	 -111.30	-218	-85	  233.99
claudia	False	413	11	13	5	129	257	 -110.09	-216	-79	  229.99
claudia	False	414	11	9	0	165	100	  104.21	233	-59	  240.35
claudia	False	415	11	16	7	272	55	   56.52	192	127	  230.20
claudia	False	416	11	15	7	285	153	  160.02	80	-220	  234.09
claudia	False	417	11	12	5	226	244	 -117.55	-207	-108	  233.48
claudia	False	418	11	13	7	241	301	  -54.66	-196	139	  240.29
claudia	False	419	11	13	0	252	190	 -154.08	-104	-214	  237.93
claudia	False	420	11	17	7	216	93	   95.64	233	-23	  234.13
claudia	False	421	11	10	5	215	279	  -80.62	-230	38	  233.12
claudia	True	422	11	16	5	335	182	0	0	0	0
claudia	False	423	11	6	5	298	238	 -125.57	-193	-138	  237.26
claudia	False	424	11	10	7	215	221	 -137.61	-157	-172	  232.88
claudia	True	425	11	17	5	194	118	0	0	0	0
claudia	False	426	11	11	7	292	317	  -24.97	-102	219	  241.59
claudia	False	427	11	8	0	277	174	 -176.00	-16	-229	  229.56
claudia	False	428	11	15	0	207	226	 -131.84	-172	-154	  230.87
claudia	False	429	11	10	0	338	139	  146.45	128	-193	  231.59
claudia	False	430	11	16	5	239	74	   65.63	223	101	  244.81
claudia	False	431	11	11	0	289	153	  160.02	80	-220	  234.09
claudia	False	432	11	12	0	128	203	 -164.57	-61	-221	  229.26
claudia	False	433	11	14	5	133	62	   59.50	202	119	  234.45
claudia	False	434	11	11	5	303	179	 -176.87	-13	-238	  238.35
claudia	False	435	11	7	0	231	290	  -61.17	-198	109	  226.02
claudia	False	436	11	17	5	212	223	 -142.49	-142	-185	  233.21
claudia	False	437	11	17	0	132	311	  -43.77	-159	166	  229.86
claudia	False	438	11	8	7	340	85	   81.80	236	34	  238.44
claudia	False	439	12	6	0	265	211	 -145.43	-133	-193	  234.39
claudia	False	440	12	12	5	314	152	  154.10	101	-208	  231.22
claudia	False	441	12	8	0	221	133	  141.62	141	-178	  227.08
claudia	False	442	12	15	5	310	137	  139.25	162	-188	  248.17
claudia	False	443	12	15	7	136	349	   -9.78	-40	232	  235.42
claudia	False	444	12	17	7	338	333	  -13.34	-55	232	  238.43
claudia	False	445	12	11	5	328	32	   41.37	155	176	  234.52
claudia	False	446	12	7	7	341	263	 -101.26	-241	-48	  245.73
claudia	False	447	12	10	0	316	47	   63.89	204	100	  227.19
claudia	False	448	12	16	7	347	123	  133.81	172	-165	  238.35
claudia	False	449	12	12	0	251	123	  129.87	182	-152	  237.12
claudia	False	450	12	16	0	287	126	  142.08	148	-190	  240.84
claudia	False	451	12	11	0	326	193	 -154.43	-100	-209	  231.69
claudia	False	452	12	14	5	306	69	   67.66	219	90	  236.77
claudia	False	453	12	17	5	372	313	  -41.51	-154	174	  232.36
claudia	False	454	12	8	5	310	38	   48.68	182	160	  242.33
claudia	False	455	12	8	7	153	260	 -107.08	-218	-67	  228.06
claudia	False	456	12	16	5	347	288	  -72.60	-233	73	  244.17
claudia	False	457	12	15	0	283	302	  -50.01	-180	151	  234.95
claudia	False	458	12	13	7	202	183	 -174.41	-23	-235	  236.12
claudia	False	459	12	13	0	276	330	  -20.21	-81	220	  234.44
claudia	False	460	12	14	7	275	204	 -153.97	-105	-215	  239.27
claudia	False	461	12	17	0	197	263	 -101.55	-230	-47	  234.75
claudia	False	462	12	11	7	330	308	  -43.45	-162	171	  235.55
claudia	False	463	12	13	5	372	335	  -13.69	-57	234	  240.84
claudia	False	464	12	9	5	285	277	  -81.84	-237	34	  239.43
claudia	False	465	12	6	7	223	22	   20.50	83	222	  237.01
claudia	False	466	12	6	5	304	179	 -176.52	-14	-230	  230.43
claudia	True	467	12	12	7	204	319	0	0	0	0
claudia	False	468	12	9	7	316	296	  -48.97	-185	161	  245.25
claudia	False	469	12	7	5	284	124	  130.53	186	-159	  244.70
claudia	False	470	12	10	5	134	101	  102.81	233	-53	  238.95
claudia	False	471	12	7	0	306	287	  -66.09	-212	94	  231.91
claudia	False	472	12	9	0	241	131	  135.71	160	-164	  229.12
claudia	False	473	12	12	7	329	259	 -105.50	-220	-61	  228.30
claudia	False	474	12	10	7	271	56	   57.60	197	125	  233.31
claudia	False	475	12	14	0	181	336	  -11.31	-46	230	  234.55
